68
59
64
51
72
18
95
13
18
91
48
78
79
92
14
56
90
16
87
58
1
63
59
3
21
10
75
81
96
42
60
42
73
21
6
33
2
40
39
87
42
64
52
51
18
32
43
31
56
91
96
90
16
55
30
81
44
31
38
6
58
62
52
90
62
0
25
61
39
31
6
2
3
35
88
6
83
5
37
84
42
96
94
2
47
16
13
12
84
46
30
78
35
11
10
28
8
0
80
43
58
85
1
50
13
24
48
17
12
50
88
95
14
31
88
31
99
32
69
75
66
46
37
36
37
39
88
56
60
84
12
2
20
73
17
12
54
66
51
26
62
78
5
52
32
53
37
50
78
22
47
72
32
32
40
59
0
59
55
96
80
99
28
53
58
99
97
25
60
70
70
98
87
67
31
3
0
45
33
94
26
30
59
57
38
77
29
31
23
32
59
87
18
32
84
14
70
57
90
5
35
83
48
71
70
47
9
89
54
63
75
29
47
16
42
37
8
77
90
61
10
57
53
20
97
60
67
87
32
59
74
31
74
12
89
50
24
25
57
14
52
40
21
5
72
69
13
30
36
40
7
92
49
54
32
45
82
72
34
34
94
8
60
13
76
80
33
50
70
28
84
33
69
67
79
65
57
51
34
6
3
30
22
62
27
48
19
11
35
16
67
7
1
76
50
80
42
52
78
42
26
29
48
55
6
34
17
99
11
88
33
92
2
5
12
44
16
77
27
25
85
40
66
29
26
61
74
24
80
14
9
90
11
96
70
65
29
94
11
40
77
68
35
88
35
94
65
23
38
97
59
57
56
43
52
23
88
85
59
6
48
91
49
55
61
22
91
1
59
53
19
59
12
91
99
51
0
62
94
41
58
28
8
39
74
89
61
78
54
37
87
82
27
44
85
49
2
54
28
11
