83
75
59
58
47
82
48
35
57
58
52
8
46
97
67
59
80
45
54
38
79
24
10
28
6
77
90
17
48
22
30
79
74
96
66
32
85
87
13
13
63
57
95
7
31
94
14
18
42
18
48
78
52
30
25
68
86
79
47
10
43
90
2
90
27
77
37
68
42
71
4
16
71
53
8
65
49
87
20
75
97
55
59
57
20
67
93
73
2
39
14
48
94
36
68
82
94
73
37
24
0
56
11
10
66
0
17
61
63
9
75
1
77
45
89
56
99
14
77
55
20
47
86
39
3
7
83
29
54
12
75
72
65
80
74
74
73
72
93
84
24
69
95
3
58
23
4
98
68
14
70
6
18
76
57
90
83
75
99
36
5
95
19
52
31
35
54
41
2
12
80
96
95
60
43
0
40
34
39
39
21
56
1
97
88
72
16
43
60
70
46
48
12
73
61
98
70
17
90
52
