44
37
15
54
84
32
2
82
17
32
71
3
17
8
73
0
92
57
85
75
62
72
17
13
99
46
66
99
17
7
22
92
22
69
40
85
40
78
23
98
21
18
30
15
17
76
4
73
14
19
55
31
92
6
66
58
26
90
68
40
62
69
43
69
26
72
38
85
89
66
43
99
94
12
62
38
70
19
42
12
95
65
45
29
60
96
59
51
54
48
95
9
58
70
97
73
57
71
19
5
73
46
52
8
64
55
38
62
94
45
50
84
15
20
54
58
80
49
76
6
63
68
6
28
41
12
22
59
64
27
43
36
37
8
40
76
40
95
95
31
86
56
52
74
98
11
50
93
64
17
10
3
4
97
67
62
25
38
76
97
26
74
91
28
59
25
3
13
85
27
72
5
33
79
15
92
95
90
2
18
12
23
41
95
59
66
28
70
49
2
53
74
62
98
6
83
82
46
81
99
75
43
60
82
8
5
81
44
1
15
92
36
79
34
83
93
2
15
77
68
83
25
84
45
60
18
89
97
57
48
48
29
27
70
8
12
57
41
63
18
38
31
81
38
42
12
68
88
15
77
26
53
8
48
47
81
84
87
33
91
97
47
66
92
39
68
68
1
30
46
69
81
11
81
85
15
30
30
40
66
25
88
88
67
45
39
11
59
62
25
20
61
75
0
75
44
42
63
50
68
